fa2 = [28.584735209999998; 23.14494756; 23.14494756; 23.14494756; 23.14494756; 23.14494756; 23.14494756; 23.14494756; 19.782200000000003; 19.782200000000003; 19.782200000000003; 19.782200000000003; 19.782200000000003; 19.782200000000003; 19.782200000000003; 15.826055999999998; 15.826055999999998; 15.826055999999998; 15.826055999999998; 15.826055999999998; 15.826055999999998; 15.826055999999998; 11.869944; 47.475104; 47.475104; 46.599716000000015; 12.857968999999997; ]; 
fa2 = [28.584736; 23.144949; 23.144949; 23.144949; 23.144949; 23.144949; 23.144949; 23.144949; 19.782198; 19.782198; 19.782198; 19.782198; 19.782198; 19.782198; 19.782198; 15.826056; 15.826056; 15.826056; 15.826056; 15.826056; 15.826056; 15.826056; 11.869944; 47.475105; 47.475105; 46.599731; 12.857969;

